ASD accuracy of state tracking					ASD accuracy of state-driven TMS trigger					ASD latency			
Major state 1	Major state 2	Minor state 1	Minor state 2		Major state 1	Major state 2	Minor state 1	Minor state 2		Major state 1	Major state 2	Minor state 1	Minor state 2
0.9319	0.9237	0.8254	0.8422		0.9321	0.9149	0.8718	0.9452		0.3492	0.3748	0.461	0.4383
0.899	0.8959	0.8222	0.8361		0.9063	0.8705	0.8691	0.9119		0.487	0.481	0.4117	0.5975
0.926	0.8952	0.972	0.9209		0.9419	0.9068	0.9311	0.9117		0.5388	0.4392	0.3758	0.5611
0.924	0.9696	0.9197	0.8748		0.9085	0.9466	0.9508	0.8892		0.4863	0.5545	0.4675	0.6486
0.8772	0.9172	0.9302	0.8325		0.8624	0.8613	0.8484	0.8607		0.4771	0.5953	0.5367	0.4307
0.8342	0.9727	0.8248	0.8368		0.9552	0.9335	0.8495	0.8945		0.4762	0.3999	0.3435	0.5206
0.9256	0.8367	0.8701	0.8255		0.8511	0.9398	0.9154	0.8874		0.615	0.5306	0.575	0.58
0.8811	0.92	0.8163	0.9089		0.8562	0.961	0.8787	0.942		0.4284	0.4804	0.4569	0.3366
0.9428	0.9606	0.8599	0.9232		0.909	0.9006	0.9302	0.9418		0.3834	0.5091	0.4081	0.4696
0.9491	0.8992	0.9189	0.8052		0.9169	0.8654	0.9216	0.8649		0.5517	0.5175	0.3752	0.5707
0.8404	0.976	0.9161	0.7902		0.9104	0.8985	0.9654	0.9045		0.6648	0.5159	0.4782	0.6357
0.8529	0.9708	0.9372	0.9042		0.8686	0.8928	0.9004	0.947		0.4941	0.3615	0.4809	0.6501
0.9173	0.8134	0.8759	0.8944		0.8899	0.9709	0.9359	0.9301		0.6024	0.3331	0.4845	0.3383
0.908	0.9028	0.8788	0.8719		0.9629	0.8887	0.8738	0.8739		0.5485	0.4985	0.4862	0.6451
0.845	0.8282	0.862	0.7923		0.9124	0.9276	0.9162	0.8616		0.515	0.4328	0.5502	0.4785
0.8683	0.8656	0.9421	0.9393		0.9001	0.9039	0.963	0.8726		0.5493	0.4945	0.3898	0.5403
0.9317	0.9273	0.9434	0.9224		0.8953	0.8718	0.9189	0.9399		0.3658	0.3806	0.3522	0.4233
0.9067	0.9207	0.7971	0.9352		0.9089	0.9395	0.8672	0.8541		0.3713	0.5121	0.4003	0.5199
0.9493	0.9084	0.8125	0.8004		0.8874	0.9261	0.945	0.9025		0.5462	0.3471	0.3567	0.6583
0.8737	0.9083	0.835	0.8227		0.9103	0.9119	0.9519	0.9351		0.4451	0.3703	0.5239	0.3654
0.8997	0.8656	0.8989	0.9452		0.87	0.9006	0.924	0.926		0.6034	0.4716	0.6242	0.4633
0.9578	0.9572	0.9487	0.8659		0.8789	0.9145	0.8753	0.8617		0.5175	0.6564	0.5266	0.6099
0.8433	0.8414	0.8893	0.8595		0.871	0.8584	0.9539	0.9294		0.3924	0.3591	0.5022	0.645
0.8833	0.9727	0.8605	0.9143		0.8657	0.9616	0.915	0.9383		0.4212	0.5886	0.5971	0.4287
0.8463	0.987	0.9018	0.9325		0.928	0.9236	0.8516	0.8588		0.3937	0.4378	0.4979	0.6432
0.8196	0.8423	0.8593	0.797		0.8534	0.8851	0.8958	0.9332		0.3933	0.468	0.5761	0.4357
0.9021	0.8719	0.9235	0.9218		0.9013	0.9243	0.9242	0.9198		0.4227	0.5205	0.5023	0.3501
0.9212	0.9315	0.9816	0.8183		0.8716	0.8624	0.8665	0.8885		0.5793	0.5953	0.581	0.5718
0.9836	0.912	0.8884	0.8079		0.9021	0.8791	0.8947	0.8496		0.4856	0.3362	0.4025	0.5503
0.977	0.8619	0.8291	0.9064		0.9108	0.965	0.9225	0.8523		0.5966	0.5124	0.5327	0.4388
0.8295	0.9272	0.8863	0.824		0.9462	0.9165	0.9504	0.8829		0.5608	0.4091	0.5038	0.5561
0.9207	0.8512	0.7985	0.857		0.9662	0.9094	0.8527	0.854		0.5572	0.5157	0.4037	0.5955
0.9052	0.9304	0.948	0.9395		0.8748	0.9615	0.8547	0.8644		0.3843	0.5421	0.5054	0.4027
0.9724	0.8246	0.8905	0.8248		0.8759	0.9389	0.9288	0.9351		0.4842	0.6269	0.6244	0.4472
0.8482	0.8807	0.9489	0.8597		0.902	0.8854	0.8727	0.8983		0.3265	0.4167	0.6117	0.4875
0.9211	0.8381	0.9075	0.9387		0.9085	0.9268	0.9523	0.9084		0.6305	0.3894	0.6732	0.5331
0.8228	0.9046	0.8255	0.8129		0.9505	0.9692	0.9533	0.8694		0.5489	0.5641	0.5749	0.6246
0.9889	0.9747	0.8628	0.8467		0.9379	0.868	0.9026	0.8731		0.4144	0.5653	0.3253	0.5302
0.9035	0.9287	0.8338	0.8135		0.931	0.8875	0.9442	0.9258		0.6457	0.6495	0.4049	0.6214
0.9771	0.889	0.8061	0.9159		0.8928	0.8791	0.9164	0.9366		0.5521	0.3378	0.6497	0.3755
0.8601	0.9717	0.8895	0.8924		0.8781	0.9119	0.9169	0.8755		0.6537	0.5036	0.626	0.4116
0.8999	0.9092	0.9286	0.8195		0.9174	0.9486	0.9233	0.8648		0.4037	0.3665	0.5784	0.6662
0.9202	0.9894	0.9332	0.8438		0.925	0.9	0.9391	0.9438		0.5213	0.6377	0.3825	0.5262
0.8463	0.8352	0.9041	0.8165		0.9002	0.8739	0.8522	0.9136		0.3809	0.582	0.582	0.3742
0.8234	0.8436	0.9851	0.845		0.8808	0.9129	0.902	0.9147		0.4998	0.4386	0.3931	0.4308
0.8755	0.9135	0.9676	0.9044		0.8904	0.9212	0.8807	0.9441		0.3952	0.4677	0.5583	0.5675
0.916	0.8657	0.9118	0.8061		0.9544	0.8522	0.8803	0.8718		0.4185	0.342	0.641	0.6145
0.8951	0.9181	0.8693	0.8305		0.9459	0.9107	0.9409	0.9179		0.5041	0.6594	0.4899	0.4148
0.8524	0.8976	0.9718	0.8556		0.8725	0.9009	0.9653	0.9318		0.6246	0.601	0.3378	0.3697
0.9543	0.8482	0.8357	0.9377		0.9109	0.9334	0.9555	0.8977		0.3568	0.3604	0.3315	0.5959