STSTPre1	STSTPre3	STSTPre5	STSTPre7	STSTPre9	STSTPre11	STSTPre13	STSTPre13-Initial	STSTPost1	STSTPost3	STSTPost5	STSTPost7	STSTPost9	STSTPost11	STSTPost13	STSTShamPre1	STSTShamPre3	STSTShamPre5	STSTShamPre7	STSTShamPre9	STSTShamPre11	STSTShamPre13	STSTShamPost1	STSTShamPost3	STSTShamPost5	STSTShamPost7	STSTShamPost9	STSTShamPost11	STSTShamPost13
5.043	4.938	4.336	4.343	4.108	3.901	4.504	-0.539	4.962	4.228	3.929	3.394	2.711	2.864	2.814	4.542	4.9	4.774	4.7	4.906	4.592	4.46	4.565	4.832	4.844	4.822	4.513	4.741	4.647
5.137	4.701	4.22	4.1	4.348	4.125	4.754	-0.382	4.905	4.631	4.56	4.314	4.243	3.818	3.65	4.954	4.758	4.684	4.951	5.068	4.994	4.926	4.851	4.79	5.072	4.855	4.942	4.748	5.062
4.137	3.8	4.046	4.025	4.187	3.613	3.89	-0.247	3.841	3.163	3.004	2.669	2.402	2.452	2.293	4.481	4.656	4.517	4.597	4.559	4.521	4.395	4.572	4.396	4.332	4.707	4.334	4.429	4.359
4.802	4.33	4.248	4.124	4.311	3.925	4.113	-0.689	4.545	4.355	4.191	3.775	3.7	3.329	3.346	4.18	4.42	4.112	4.526	4.213	4.216	4.495	4.228	4.363	4.148	4.368	4.145	4.099	4.477
5.465	5.307	5.22	4.777	4.36	4.877	5.063	-0.402	5.125	4.913	4.632	4.338	4.116	3.853	3.935	5.554	5.647	5.325	5.837	5.302	5.255	5.372	5.286	5.517	5.353	5.586	5.468	5.733	5.203
3.701	3.359	3.295	3.182	3.35	3.096	2.975	-0.725	3.135	2.782	2.76	2.037	2.01	1.941	1.695	3.315	3.397	3.387	3.195	3.26	3.186	3.215	3.436	3.319	3.258	3.431	3.402	3.38	3.465
3.28	3.6	3.233	3.169	2.66	3.09	2.745	-0.536	3.022	2.611	2.599	2.306	2.062	1.794	1.653	3.67	3.482	3.65	3.404	3.557	3.624	3.724	3.588	3.654	3.41	3.362	3.421	3.445	3.415
3.451	3.589	3.328	3.33	3.152	3.111	2.69	-0.761	3.335	2.979	2.561	2.329	1.952	1.724	1.708	3.503	3.274	3.322	3.517	3.252	3.405	3.511	3.212	3.318	3.478	3.171	3.271	3.547	3.456
3.8	3.955	3.488	3.582	3.647	3.063	2.824	-0.977	3.132	3.258	2.759	2.142	1.961	1.976	1.965	3.707	3.588	3.63	3.825	3.79	3.806	3.579	3.773	3.595	3.765	3.704	3.83	3.425	3.834
3.939	4	3.82	3.279	2.862	2.957	2.965	-0.974	2.939	3.42	2.972	2.251	2.123	1.783	1.745	4.044	4.036	4.074	3.921	3.959	4.046	3.985	3.771	3.962	3.888	3.717	3.793	4.128	4.024
4.331	3.872	3.46	3.7	3.294	3.242	3.356	-0.975	3.921	3.656	3.226	3.04	2.704	2.429	2.337	3.574	3.628	3.774	3.66	3.753	3.502	3.7	3.844	3.812	3.674	3.526	3.807	3.879	3.889
3.89	3.863	3.171	3.37	3.133	3.127	2.756	-1.134	3.689	3.295	2.759	2.112	2.058	1.752	1.846	3.582	3.468	3.638	3.634	3.616	3.64	3.618	3.6	3.412	3.483	3.325	3.499	3.688	3.282
3.631	3.273	3.421	3.132	3.543	3.207	2.848	-0.783	3.164	2.889	2.711	2.446	1.925	2.159	1.792	3.908	3.946	3.93	4.067	3.797	3.827	3.91	4.083	3.773	3.77	3.983	4.143	3.999	3.823
3.28	3.405	3.384	3.389	2.974	2.778	2.299	-0.981	2.781	2.767	2.561	2.361	2.175	1.981	1.866	3.369	3.381	3.32	3.223	3.58	3.297	3.262	3.417	3.485	3.447	3.224	3.543	3.213	3.266
4.643	4.607	4.205	4.165	3.71	3.678	3.861	-0.782	4.449	4.005	3.536	2.439	2.556	2.307	2.145	4.058	3.98	4.097	4.126	4.159	4.108	4.085	3.979	4.232	4.262	4.166	4.051	3.962	4.241
4.413	4.378	3.888	3.527	3.832	3.684	3.73	-0.682	4.067	3.89	3.283	2.615	2.515	2.306	2.32	3.918	3.939	3.966	3.869	4.022	3.805	3.986	4.216	3.969	3.945	4.13	3.83	3.911	3.944
3.657	3.568	3.263	3.287	2.96	2.764	2.868	-0.789	3.124	3.194	2.604	2.45	2.278	2.185	1.817	3.724	3.714	3.708	3.95	3.946	4.041	3.957	3.833	3.916	3.666	3.741	3.765	3.975	3.922
3.762	4.248	3.759	3.332	3.435	2.953	2.874	-0.888	3.472	3.179	3.139	2.452	2.172	2.3	1.989	3.808	3.896	3.91	3.701	3.889	4.001	3.964	3.705	3.916	3.759	3.862	3.791	3.928	3.707
4.198	4.011	3.585	4.388	3.89	3.04	3.235	-0.963	3.735	3.66	3.213	2.733	2.241	2.182	2.407	4.396	4.64	4.429	4.436	4.439	4.309	4.654	4.485	4.307	4.368	4.417	4.609	4.604	4.352
3.927	4.083	4.306	3.82	3.462	3.481	3.495	-0.432	3.344	3.503	2.978	2.755	2.55	2.359	2.166	3.978	4.234	4.157	4.329	4.055	4.41	4.415	4.135	4.19	4.366	4.325	4.002	4.087	4.354
3.561	3.774	3.87	4.024	3.103	3.284	2.965	-0.596	3.227	3.135	2.966	2.709	2.226	1.967	2.013	3.728	3.644	3.803	3.492	3.615	3.802	3.811	3.502	3.56	3.776	3.535	3.817	3.839	3.532
3.154	3.433	2.712	3.18	3.072	2.792	2.588	-0.565	2.746	2.613	2.38	2.286	2.172	2.007	2.003	3.197	3.181	3.404	3.13	3.272	3.393	3.151	3.376	3.28	3.295	3.355	3.318	3.275	3.106
3.663	3.832	3.822	3.567	3.691	3.698	3.189	-0.473	3.121	3.019	2.859	2.521	2.269	2.163	2.05	4.318	4.198	4.263	4.014	4.371	4.003	4.229	4.174	4.325	4.326	4.308	4.25	4.453	4.261
3.064	2.835	2.988	2.717	2.644	2.351	2.447	-0.617	2.88	2.617	2.609	1.875	1.71	1.659	1.781	3.147	2.99	3.097	3.218	3.204	3.087	3.187	3.087	2.974	3.222	3.073	3.038	3.294	3.202
3.947	3.811	3.764	3.486	3.083	3.321	3.063	-0.883	3.457	2.953	2.825	2.165	2.239	1.933	2.058	3.947	4.078	3.89	3.933	3.96	4.238	4.035	3.707	4.031	4.083	3.9	4.064	3.93	4.042
3.846	3.844	3.345	3.358	2.857	3.045	3.16	-0.686	3.427	3.049	2.722	2.487	2.087	2.137	2.037	3.785	3.508	3.65	3.558	3.797	3.582	3.696	3.748	3.631	3.796	3.778	3.842	3.926	3.586
3.478	3.185	3.537	3.312	3.368	3.119	2.621	-0.857	3.113	2.554	2.717	2.145	1.878	1.767	1.753	3.27	3.232	3.113	3.329	3.125	3.152	3.363	3.081	3.23	3.3	3.173	3.116	3.022	3.047
3.425	3.883	3.554	3.255	2.951	3.014	2.66	-0.765	2.983	2.808	2.588	2.11	1.818	1.885	2.028	3.894	3.669	3.572	3.668	3.901	3.564	3.939	3.555	3.822	3.866	3.939	3.685	3.755	3.62
3.548	3.465	3.001	2.718	2.484	2.893	2.631	-0.917	3.031	2.844	2.467	2.114	1.734	1.922	1.818	3.241	2.958	3.182	3.009	3.069	3.02	2.974	3.107	2.942	3.025	2.955	3.162	2.983	3.231
3.923	3.526	3.943	3.148	3.203	2.875	3.091	-0.832	3.228	3.069	2.618	2.528	2.111	2.047	2.091	4.029	3.85	4.023	4.193	4.075	4.196	3.929	3.935	4.122	3.907	3.943	3.828	4.012	4.121
3.236	2.367	2.394	2.54	2.04	2.394	2.199	-1.038	3.04	2.863	2.24	1.657	1.483	1.324	1.442	2.326	2.517	2.556	2.381	2.545	2.593	2.383	2.362	2.512	2.408	2.487	2.43	2.438	2.442
3.133	3.583	3.024	2.945	3.204	2.352	2.421	-0.712	2.927	2.981	2.464	2.283	1.809	1.822	1.657	3.314	3.271	3.192	3.117	3.309	3.157	3.154	3.224	3.261	3.288	3.321	3.184	3.03	3.214
3.427	3.241	3.198	3.278	3.134	2.482	2.679	-0.748	3.064	2.764	2.554	2.021	2.05	1.774	1.842	3.045	3.001	3.105	2.972	3.043	2.945	3.13	3.066	3.025	3.154	3.231	2.951	3.241	2.962
3.778	3.266	3.556	3.367	3.464	3.114	2.995	-0.783	3.598	2.612	2.744	2.226	1.803	1.887	1.742	3.397	3.602	3.395	3.38	3.429	3.384	3.388	3.625	3.574	3.562	3.378	3.382	3.324	3.378
4.409	4.234	3.996	3.797	3.265	3.507	3.6	-0.809	4.018	3.456	3.336	2.895	2.562	2.384	2.499	4.189	4.451	4.382	4.414	4.158	4.439	4.399	4.344	4.053	4.423	4.048	4.167	4.245	4.151
4.171	3.753	3.743	3.381	3.648	2.84	3.287	-0.884	3.602	3.579	2.998	2.436	2.204	2.171	2.082	3.717	3.622	3.613	3.603	3.741	3.779	3.561	3.721	3.751	3.641	3.499	3.518	3.739	3.815
3.773	4.224	3.636	3.331	3.793	3.275	3.497	-0.276	3.444	3.346	3.132	3.028	2.699	2.522	2.497	3.811	3.922	3.835	3.663	4.008	3.924	3.984	3.899	3.789	3.897	4.062	4.022	4.044	3.977
3.586	3.216	3.107	2.677	2.675	2.274	2.363	-1.223	2.674	2.745	2.385	1.683	1.553	1.581	1.393	3.155	2.971	2.892	3.215	3.122	2.935	2.943	2.896	2.944	2.988	2.958	2.964	3.049	2.925
3.154	2.924	2.757	2.702	2.628	2.374	2.043	-1.111	2.459	2.354	2.083	2.019	1.808	1.51	1.62	3.293	3.092	3.171	3.109	3.039	3.215	3.27	3.212	3.201	3.067	3.102	3.243	2.956	3.184
3.338	3.071	3.253	2.924	2.496	2.502	2.29	-1.048	2.782	2.59	2.506	2.169	1.778	1.734	1.685	3.525	3.337	3.344	3.553	3.528	3.497	3.483	3.255	3.271	3.258	3.258	3.49	3.498	3.472