Indirect transition BDNS																										IndirectTrans_Sham																									
Pre1	Pre2	Pre3	Pre4	Pre5	Pre6	Pre7	Pre8	Pre9	Pre10	Pre11	Pre12	Pre13	Post1	Post2	Post3	Post4	Post5	Post6	Post7	Post8	Post9	Post10	Post11	Post12	Post13	ShamPre1	ShamPre2	ShamPre3	ShamPre4	ShamPre5	ShamPre6	ShamPre7	ShamPre8	ShamPre9	ShamPre10	ShamPre11	ShamPre12	ShamPre13	ShamPost1	ShamPost2	ShamPost3	ShamPost4	ShamPost5	ShamPost6	ShamPost7	ShamPost8	ShamPost9	ShamPost10	ShamPost11	ShamPost12	ShamPost13
0.009115	0.009281	0.009356	0.008791	0.010119	0.010085	0.010624	0.011746	0.011552	0.011944	0.011969	0.012141	0.012164	0.013053	0.013765	0.013852	0.015212	0.015392	0.016732	0.01697	0.017172	0.018629	0.0184	0.019043	0.018456	0.018613	0.008119	0.009113	0.008672	0.008369	0.008701	0.0081	0.008821	0.008683	0.00843	0.009089	0.00773	0.008177	0.009553	0.008328	0.008981	0.008054	0.008245	0.008066	0.008129	0.009037	0.009675	0.008396	0.008824	0.00759	0.008414	0.008048
0.008382	0.007991	0.007987	0.008279	0.009009	0.009007	0.009913	0.010374	0.010971	0.011434	0.011642	0.011473	0.011581	0.012013	0.012335	0.012255	0.013344	0.013414	0.014805	0.015783	0.016182	0.016551	0.017671	0.016994	0.017676	0.017193	0.008039	0.006755	0.007642	0.007905	0.008538	0.008054	0.009278	0.008863	0.007535	0.008469	0.008097	0.008027	0.007981	0.008272	0.008035	0.007893	0.007937	0.007826	0.00783	0.006846	0.00769	0.007603	0.00818	0.006915	0.008063	0.006826
0.010876	0.011	0.010263	0.011462	0.011023	0.011894	0.012498	0.013007	0.014069	0.014267	0.014173	0.014456	0.014603	0.016176	0.016491	0.017442	0.017051	0.018002	0.019604	0.020906	0.021557	0.022584	0.021497	0.022551	0.022847	0.021597	0.0095	0.008704	0.010015	0.010371	0.010636	0.010295	0.011017	0.011001	0.010364	0.010803	0.011343	0.009584	0.008129	0.010155	0.010822	0.010295	0.00994	0.008992	0.01035	0.009743	0.010053	0.010249	0.010112	0.01025	0.010057	0.010368
0.011549	0.01239	0.01108	0.012026	0.01268	0.012801	0.013205	0.014891	0.015439	0.015474	0.015017	0.015933	0.015963	0.016239	0.017462	0.017184	0.018005	0.01898	0.021221	0.021086	0.021839	0.023397	0.023044	0.023983	0.022893	0.024534	0.010866	0.011248	0.011279	0.010625	0.009779	0.010575	0.012896	0.011769	0.011264	0.010942	0.009519	0.010803	0.008792	0.010562	0.011633	0.010424	0.011016	0.010857	0.011136	0.012552	0.010948	0.010628	0.010477	0.011261	0.010841	0.009153
0.009156	0.008715	0.008974	0.009524	0.010014	0.009908	0.010724	0.010846	0.012344	0.012248	0.012612	0.012362	0.012395	0.013209	0.013177	0.013764	0.014499	0.014817	0.015347	0.017677	0.017569	0.017959	0.018256	0.018854	0.01857	0.01857	0.008738	0.008357	0.00867	0.008275	0.009261	0.008635	0.009994	0.009457	0.008873	0.00798	0.008208	0.008114	0.006835	0.008497	0.009083	0.008182	0.008629	0.00913	0.008798	0.007972	0.008953	0.008707	0.008955	0.00973	0.008566	0.009351
0.011579	0.011687	0.012265	0.01232	0.01198	0.011904	0.014071	0.01411	0.015149	0.015396	0.014907	0.015433	0.01563	0.0183	0.017052	0.018236	0.017586	0.018158	0.0202	0.022683	0.023363	0.02317	0.023218	0.023909	0.024078	0.024135	0.010573	0.008944	0.010603	0.010036	0.010592	0.009997	0.008539	0.010744	0.010461	0.01039	0.010702	0.010969	0.01251	0.010057	0.008973	0.010827	0.010654	0.0103	0.010096	0.009828	0.011127	0.010307	0.010831	0.011	0.010255	0.008678
0.0177	0.01771	0.016786	0.019136	0.01811	0.020163	0.021016	0.02116	0.02308	0.022705	0.024012	0.023715	0.023229	0.025603	0.027095	0.026792	0.027205	0.027939	0.029514	0.033983	0.034562	0.036611	0.034455	0.036575	0.036192	0.036749	0.016399	0.013437	0.015846	0.01556	0.016737	0.016472	0.016648	0.017102	0.014944	0.015266	0.016739	0.016196	0.015273	0.015573	0.016781	0.016372	0.014938	0.015774	0.01625	0.017597	0.014899	0.015001	0.016259	0.014787	0.016006	0.017826
0.012333	0.012775	0.012771	0.01268	0.012352	0.013348	0.014883	0.014886	0.015836	0.016774	0.017121	0.016217	0.016402	0.01907	0.017821	0.019277	0.019451	0.019897	0.020878	0.023517	0.024843	0.025507	0.024042	0.024886	0.026336	0.025714	0.012657	0.011116	0.012308	0.012716	0.012656	0.012683	0.012882	0.014372	0.013057	0.011757	0.010983	0.01335	0.012761	0.012444	0.012249	0.01259	0.012664	0.011957	0.012476	0.012995	0.012867	0.012615	0.011797	0.010863	0.012571	0.01218
0.019159	0.019585	0.018898	0.019692	0.019597	0.020686	0.022414	0.024055	0.024399	0.024239	0.024541	0.026648	0.025606	0.027317	0.029683	0.029251	0.029384	0.032636	0.032278	0.036316	0.0383	0.038757	0.037967	0.038085	0.037841	0.039132	0.017613	0.018678	0.017561	0.017937	0.017669	0.018202	0.018427	0.017425	0.018077	0.018475	0.017028	0.017578	0.018096	0.017973	0.017132	0.018418	0.018069	0.016487	0.018265	0.017582	0.015787	0.017689	0.019151	0.017354	0.018944	0.016027
0.019232	0.018156	0.020188	0.019903	0.021059	0.019875	0.023344	0.02268	0.025557	0.026117	0.025623	0.025364	0.025148	0.030086	0.029808	0.029132	0.029933	0.030616	0.032656	0.037159	0.037086	0.037637	0.040549	0.037904	0.039365	0.040201	0.018043	0.018304	0.01811	0.017708	0.018988	0.01729	0.01545	0.019167	0.017698	0.017205	0.01634	0.017347	0.014771	0.017966	0.01726	0.017445	0.017677	0.017492	0.016666	0.01728	0.01662	0.017115	0.017587	0.01508	0.017873	0.014447
0.013673	0.014204	0.013835	0.014377	0.013945	0.015581	0.015746	0.017531	0.017427	0.0181	0.018801	0.017577	0.018983	0.02082	0.021652	0.02191	0.021004	0.022722	0.024288	0.025101	0.026281	0.026736	0.028756	0.028241	0.028618	0.027194	0.014036	0.013315	0.01395	0.013608	0.012886	0.013954	0.014427	0.014481	0.012817	0.013676	0.014444	0.012964	0.012959	0.013771	0.011883	0.013441	0.012903	0.01347	0.013732	0.013872	0.012735	0.013819	0.012705	0.012061	0.013463	0.01249
0.02094	0.022523	0.020381	0.021073	0.022591	0.022418	0.024648	0.025436	0.026742	0.026466	0.026897	0.029041	0.02819	0.032615	0.032577	0.031462	0.031599	0.032816	0.035318	0.03854	0.040389	0.042294	0.04186	0.041956	0.042519	0.041464	0.021891	0.024198	0.022039	0.022792	0.024394	0.023462	0.021159	0.019444	0.022631	0.023371	0.025829	0.022135	0.024909	0.021621	0.020266	0.022395	0.023517	0.022949	0.021634	0.02279	0.022576	0.022493	0.023447	0.021014	0.022031	0.023245
0.022033	0.022305	0.021913	0.021272	0.023344	0.024944	0.025716	0.02769	0.027897	0.028396	0.027994	0.030376	0.028933	0.032881	0.031687	0.033544	0.035935	0.034413	0.040138	0.039583	0.041854	0.043997	0.043269	0.045387	0.045653	0.045803	0.022902	0.022712	0.022561	0.022734	0.023091	0.021373	0.023364	0.024118	0.021933	0.023002	0.021412	0.023243	0.021058	0.021609	0.025195	0.022829	0.022656	0.02391	0.022676	0.025776	0.023872	0.022296	0.023628	0.020116	0.021323	0.021478
0.022351	0.02166	0.022882	0.022778	0.024551	0.024961	0.027191	0.027432	0.02872	0.03048	0.029322	0.03015	0.030555	0.035422	0.033501	0.03534	0.034997	0.035394	0.040876	0.042112	0.043284	0.045983	0.044943	0.046889	0.046934	0.045069	0.023298	0.020959	0.023758	0.022628	0.023761	0.022629	0.024832	0.022494	0.022231	0.020873	0.023036	0.023692	0.018345	0.022971	0.024687	0.021699	0.023857	0.020957	0.021875	0.026725	0.025154	0.023598	0.024698	0.02428	0.023298	0.024584
0.014348	0.013763	0.014103	0.013838	0.015864	0.015406	0.017217	0.017259	0.018528	0.019605	0.018637	0.019585	0.018843	0.022549	0.022745	0.022718	0.023979	0.022752	0.024601	0.028065	0.027966	0.028791	0.027992	0.03001	0.030223	0.030663	0.01448	0.013116	0.014526	0.014269	0.015323	0.014305	0.013848	0.014871	0.014898	0.014319	0.012141	0.013769	0.012045	0.014201	0.015308	0.014414	0.014008	0.014539	0.014453	0.012069	0.016008	0.013632	0.015087	0.014673	0.014677	0.01578
0.014569	0.015016	0.014991	0.014266	0.015878	0.016129	0.017351	0.018597	0.01815	0.019071	0.018848	0.019615	0.019694	0.022325	0.022421	0.023524	0.022852	0.023411	0.025249	0.027025	0.02782	0.029674	0.028796	0.028798	0.028927	0.030562	0.015766	0.016289	0.01493	0.015829	0.014581	0.016213	0.017277	0.014856	0.01484	0.014133	0.017556	0.015497	0.016405	0.015174	0.01371	0.015322	0.015544	0.014599	0.016054	0.015922	0.014758	0.015	0.014307	0.017032	0.014913	0.012629
0.015073	0.014889	0.015755	0.016161	0.016286	0.017251	0.017714	0.018854	0.019776	0.019176	0.019808	0.020322	0.020465	0.023359	0.022367	0.024154	0.023205	0.025157	0.025079	0.027172	0.028368	0.02968	0.029377	0.030274	0.031901	0.030487	0.0138	0.014155	0.01414	0.013934	0.013998	0.013099	0.011523	0.012478	0.014177	0.01484	0.012201	0.01339	0.012418	0.01398	0.012614	0.013713	0.013797	0.013591	0.013111	0.016283	0.012177	0.013203	0.013199	0.015788	0.013135	0.013582
0.016007	0.015235	0.015476	0.016024	0.017244	0.017253	0.019324	0.019403	0.020134	0.020236	0.020526	0.022168	0.021926	0.022369	0.022841	0.02552	0.024185	0.027273	0.026818	0.029973	0.031167	0.031044	0.033692	0.031378	0.03203	0.034262	0.017374	0.017685	0.016342	0.015849	0.017842	0.016905	0.013541	0.015918	0.015914	0.017942	0.016586	0.01611	0.016285	0.016525	0.017344	0.016612	0.016561	0.016639	0.016506	0.019388	0.016454	0.016672	0.016298	0.017372	0.015863	0.016456
0.015451	0.015984	0.015177	0.015275	0.016773	0.017279	0.017854	0.018268	0.020708	0.021098	0.020216	0.020436	0.021088	0.022494	0.021702	0.023241	0.024762	0.025057	0.026556	0.028237	0.029118	0.031601	0.03105	0.030752	0.031672	0.032155	0.014332	0.014193	0.014723	0.015397	0.015749	0.015402	0.013909	0.014684	0.015643	0.01389	0.013664	0.01446	0.01602	0.014976	0.014555	0.015277	0.015036	0.016376	0.014756	0.015896	0.017001	0.014973	0.016042	0.015796	0.014487	0.015767
0.015407	0.015979	0.016048	0.01648	0.01581	0.017384	0.018319	0.018242	0.019421	0.019513	0.020638	0.021002	0.021387	0.02297	0.023278	0.022464	0.024058	0.025182	0.026627	0.028286	0.029041	0.030152	0.031693	0.032461	0.032434	0.0327	0.016028	0.015115	0.016203	0.016545	0.017148	0.016366	0.017659	0.016077	0.015919	0.015852	0.016834	0.01653	0.017578	0.016569	0.017775	0.015762	0.015293	0.016112	0.015989	0.015919	0.014914	0.016087	0.016312	0.014644	0.016557	0.017558
0.016125	0.017079	0.017012	0.017115	0.017708	0.017929	0.019214	0.02094	0.020117	0.021762	0.021713	0.021806	0.02149	0.023505	0.025055	0.024496	0.025482	0.025758	0.028085	0.029415	0.031464	0.032587	0.032675	0.032309	0.032519	0.032095	0.017021	0.014588	0.0168	0.017045	0.016037	0.016398	0.01887	0.015907	0.016209	0.015373	0.016639	0.015773	0.014724	0.016564	0.01514	0.01597	0.015502	0.017763	0.017074	0.018633	0.016956	0.015635	0.016699	0.014802	0.016562	0.015398
0.017311	0.016783	0.017535	0.017469	0.018447	0.018184	0.019759	0.021134	0.022138	0.021721	0.023153	0.022883	0.023414	0.027068	0.02469	0.025628	0.026796	0.027999	0.031808	0.031307	0.034621	0.034929	0.036472	0.033958	0.037272	0.036908	0.017392	0.018761	0.01704	0.016655	0.016818	0.016945	0.018689	0.017071	0.016703	0.01636	0.015279	0.016711	0.019084	0.016841	0.01781	0.017997	0.017587	0.016806	0.017743	0.014528	0.018301	0.017699	0.015635	0.018704	0.016624	0.015451
0.017412	0.016613	0.016812	0.018504	0.017817	0.019652	0.019998	0.020711	0.021838	0.022703	0.022949	0.022994	0.022892	0.027731	0.024308	0.028485	0.026673	0.028768	0.029373	0.034014	0.035285	0.034315	0.036647	0.036802	0.035351	0.035586	0.017391	0.019015	0.017278	0.01729	0.018573	0.018664	0.020096	0.020268	0.018668	0.019292	0.018836	0.018895	0.017156	0.017221	0.01953	0.017652	0.018898	0.017701	0.018119	0.018122	0.020715	0.017891	0.019798	0.019088	0.018552	0.020373
0.017524	0.017249	0.017206	0.017717	0.018697	0.018731	0.021578	0.021045	0.023217	0.022565	0.022686	0.024037	0.023146	0.024843	0.024806	0.026284	0.027654	0.028451	0.030344	0.033843	0.0351	0.035466	0.036863	0.035328	0.036577	0.037581	0.017133	0.018222	0.01597	0.017183	0.01573	0.016442	0.013654	0.018934	0.016616	0.016575	0.016649	0.01702	0.017194	0.017124	0.016836	0.017099	0.016576	0.016661	0.016606	0.014176	0.015663	0.015874	0.016706	0.016294	0.016238	0.0155
0.012191	0.011948	0.01266	0.013086	0.012528	0.012987	0.014117	0.014955	0.015331	0.015456	0.016601	0.016541	0.015921	0.017109	0.018083	0.018089	0.019153	0.020542	0.021728	0.023241	0.024108	0.025344	0.023897	0.025325	0.0253	0.025474	0.012402	0.011148	0.012406	0.012337	0.01186	0.012903	0.010905	0.010964	0.012009	0.013444	0.012403	0.013022	0.015035	0.0129	0.014064	0.012619	0.012694	0.013348	0.011923	0.011311	0.013008	0.012264	0.012756	0.013103	0.012214	0.013658
0.013232	0.014007	0.01328	0.013939	0.01374	0.014932	0.015304	0.015649	0.017623	0.016539	0.018092	0.017491	0.017979	0.018802	0.019046	0.021181	0.019966	0.021452	0.024204	0.02347	0.025388	0.02667	0.027037	0.027304	0.028284	0.027736	0.013862	0.013977	0.013545	0.014187	0.01336	0.01379	0.014516	0.014758	0.013187	0.012481	0.012129	0.013218	0.015656	0.013936	0.014254	0.013212	0.013636	0.015002	0.013933	0.011859	0.014545	0.013079	0.014946	0.012209	0.014179	0.015129
0.013363	0.012611	0.013526	0.014355	0.013426	0.014543	0.016215	0.015848	0.017654	0.017992	0.017936	0.017994	0.017981	0.021355	0.018918	0.021727	0.020397	0.021306	0.024465	0.025391	0.026332	0.027658	0.026206	0.028084	0.028594	0.028424	0.013538	0.01516	0.013928	0.014015	0.012392	0.014295	0.012063	0.014972	0.013586	0.014201	0.012115	0.014156	0.014681	0.013718	0.01555	0.014286	0.01317	0.013736	0.014043	0.01414	0.015131	0.013362	0.012914	0.01211	0.014104	0.015176
0.019349	0.019869	0.019723	0.018984	0.019941	0.019948	0.022816	0.024374	0.024282	0.025633	0.025565	0.026171	0.026059	0.02921	0.027118	0.028617	0.029315	0.032807	0.034705	0.034698	0.039047	0.039911	0.040574	0.038542	0.040302	0.039294	0.017141	0.019782	0.017788	0.017119	0.015932	0.01718	0.019271	0.015919	0.01813	0.019153	0.015713	0.017558	0.015364	0.018357	0.018066	0.016962	0.016757	0.019073	0.018164	0.019804	0.01594	0.01749	0.017175	0.016627	0.01797	0.014791
0.019424	0.019204	0.019951	0.01929	0.020282	0.02023	0.022652	0.024111	0.024557	0.024964	0.025072	0.02674	0.026025	0.03073	0.027953	0.028624	0.031408	0.031413	0.035616	0.035737	0.03838	0.039589	0.038163	0.039354	0.039797	0.038755	0.017216	0.015024	0.016781	0.01771	0.016898	0.016675	0.01711	0.019988	0.017599	0.016644	0.017748	0.017695	0.01946	0.017768	0.019884	0.018229	0.017468	0.016565	0.017455	0.014133	0.015839	0.017806	0.019027	0.017648	0.017209	0.020427
0.019538	0.018426	0.020783	0.020913	0.021039	0.021193	0.023712	0.025386	0.025685	0.026337	0.025022	0.027148	0.026216	0.030951	0.028981	0.031357	0.031915	0.030589	0.035054	0.035079	0.038725	0.037943	0.038667	0.039843	0.038841	0.039387	0.017907	0.01996	0.016876	0.017414	0.016344	0.017195	0.014966	0.018065	0.017366	0.015952	0.016363	0.017862	0.019092	0.017389	0.019084	0.018321	0.018338	0.017907	0.01683	0.014106	0.018594	0.016779	0.017738	0.018081	0.017799	0.016531
0.019618	0.019514	0.019572	0.019624	0.021479	0.022341	0.023428	0.023594	0.02498	0.026004	0.025815	0.027081	0.026708	0.029887	0.030464	0.030096	0.030376	0.031261	0.03437	0.037691	0.037039	0.038174	0.039397	0.03988	0.042021	0.041485	0.017714	0.017534	0.018886	0.018388	0.019799	0.018851	0.018844	0.017512	0.019435	0.018044	0.016033	0.018167	0.019229	0.01818	0.017758	0.018218	0.018132	0.017615	0.019471	0.019604	0.019292	0.018978	0.017909	0.021128	0.018303	0.018847
0.01974	0.019587	0.019919	0.020894	0.020724	0.022139	0.022978	0.024369	0.025895	0.02493	0.025619	0.025964	0.026187	0.027908	0.028445	0.029146	0.032339	0.031867	0.03317	0.037853	0.039651	0.039549	0.040173	0.039368	0.03931	0.040462	0.020363	0.017397	0.019846	0.020428	0.018719	0.019051	0.022797	0.01734	0.019096	0.02027	0.020136	0.019248	0.021414	0.018923	0.020631	0.020044	0.019106	0.021358	0.019834	0.022915	0.022243	0.019758	0.018715	0.022054	0.019892	0.022149
0.019889	0.018886	0.020411	0.020817	0.019954	0.02119	0.023864	0.024967	0.025638	0.027206	0.026123	0.027619	0.026411	0.029613	0.030828	0.032219	0.031519	0.031524	0.034957	0.038898	0.040714	0.041153	0.039973	0.039289	0.039857	0.039957	0.022301	0.024356	0.020461	0.021468	0.020001	0.020549	0.022982	0.022711	0.022143	0.022047	0.022512	0.020723	0.020827	0.021652	0.019427	0.021837	0.022162	0.020501	0.021704	0.024252	0.023792	0.020315	0.021736	0.023595	0.021192	0.023657
0.020761	0.022332	0.019528	0.021303	0.022354	0.021595	0.024782	0.026526	0.026331	0.027669	0.028712	0.028619	0.028662	0.032249	0.032183	0.032374	0.03318	0.033259	0.03609	0.038838	0.041604	0.041839	0.043448	0.044187	0.041262	0.043587	0.020475	0.020767	0.020443	0.020819	0.020049	0.021137	0.024481	0.024328	0.020752	0.020496	0.022479	0.020535	0.020695	0.021862	0.020727	0.022153	0.020542	0.019094	0.021726	0.021607	0.020385	0.020692	0.019948	0.020464	0.021922	0.020033
0.014191	0.013457	0.01415	0.014852	0.014886	0.016161	0.016257	0.017195	0.018724	0.01894	0.018932	0.018668	0.018903	0.022759	0.022172	0.022427	0.02196	0.024035	0.02378	0.027119	0.027476	0.028806	0.028109	0.028318	0.029053	0.029777	0.013813	0.014105	0.014028	0.014362	0.014008	0.014377	0.017186	0.012905	0.014072	0.01416	0.013244	0.014515	0.013	0.014844	0.012539	0.013907	0.014025	0.015091	0.015052	0.013682	0.014854	0.014526	0.015458	0.014516	0.01491	0.014935
0.013208	0.013855	0.0134	0.013405	0.013747	0.013633	0.015947	0.016706	0.016758	0.017805	0.016943	0.017517	0.018188	0.019385	0.020198	0.020323	0.021998	0.0206	0.022197	0.025667	0.025081	0.025513	0.027704	0.027071	0.028332	0.027183	0.013528	0.014554	0.014476	0.014329	0.014907	0.013916	0.011415	0.015593	0.014754	0.014207	0.014562	0.013515	0.016341	0.014798	0.01521	0.013536	0.014323	0.015379	0.013713	0.01169	0.014944	0.013871	0.014092	0.012095	0.014189	0.012884
0.014214	0.015309	0.014719	0.01461	0.015714	0.015773	0.017115	0.016876	0.017994	0.018766	0.019266	0.019049	0.019409	0.022583	0.022274	0.021311	0.023392	0.024258	0.0239	0.026286	0.027518	0.02837	0.028082	0.028576	0.028397	0.029363	0.012474	0.011522	0.012159	0.01223	0.013065	0.01279	0.011629	0.013806	0.012372	0.01331	0.014057	0.012109	0.012387	0.012159	0.013491	0.013278	0.012733	0.011879	0.012568	0.011051	0.012127	0.012755	0.011878	0.013078	0.013186	0.014045
0.026336	0.027454	0.025105	0.026322	0.028153	0.02872	0.031767	0.033663	0.03451	0.035265	0.034027	0.035899	0.034777	0.040183	0.037535	0.039201	0.04317	0.044261	0.046816	0.050925	0.050132	0.054109	0.055199	0.053363	0.056682	0.053489	0.025648	0.023443	0.025455	0.025945	0.025111	0.024472	0.027702	0.027021	0.024125	0.026827	0.027047	0.024558	0.029803	0.024542	0.026501	0.024365	0.026379	0.025599	0.025747	0.023671	0.02546	0.026076	0.024136	0.023538	0.025839	0.027727
0.024209	0.023344	0.025258	0.024897	0.025304	0.02701	0.028386	0.030096	0.032433	0.031622	0.031977	0.032893	0.033239	0.03547	0.038704	0.037709	0.04016	0.037872	0.044001	0.047119	0.046439	0.048975	0.050651	0.048195	0.051028	0.049441	0.024404	0.026966	0.025085	0.025544	0.027151	0.025187	0.020136	0.024108	0.024456	0.025024	0.021539	0.026212	0.02271	0.02522	0.026206	0.023923	0.02504	0.023475	0.025652	0.021553	0.026614	0.025447	0.023551	0.027815	0.025528	0.029965
0.023842	0.02556	0.024071	0.024211	0.026011	0.025967	0.029173	0.029956	0.029892	0.030867	0.033004	0.031513	0.032799	0.03319	0.035308	0.036098	0.039867	0.040239	0.043531	0.045769	0.044876	0.046261	0.049186	0.049407	0.048305	0.050688	0.025741	0.026775	0.023766	0.024734	0.023897	0.024495	0.027286	0.021481	0.023597	0.024739	0.028045	0.02403	0.022819	0.024856	0.027174	0.02427	0.023536	0.027067	0.024038	0.025363	0.025391	0.024564	0.024831	0.022873	0.024103	0.026349