NVJ																											
NVJPre1	NVJPre3	NVJPre5	NVJPre7	NVJPre9	NVJPre11	NVJPre13	NVJPost1	NVJPost3	NVJPost5	NVJPost7	NVJPost9	NVJPost11	NVJPost13	NVJShamPre1	NVJShamPre3	NVJShamPre5	NVJShamPre7	NVJShamPre9	NVJShamPre11	NVJShamPre13	NVJShamPost1	NVJShamPost3	NVJShamPost5	NVJShamPost7	NVJShamPost9	NVJShamPost11	NVJShamPost13
0.568	0.537	0.571	0.527	0.596	0.572	0.578	0.543	0.581	0.531	0.537	0.565	0.649	0.62	0.545	0.559	0.546	0.556	0.536	0.538	0.548	0.56	0.543	0.548	0.561	0.541	0.553	0.541
0.466	0.456	0.492	0.467	0.464	0.544	0.504	0.451	0.454	0.478	0.475	0.485	0.547	0.57	0.513	0.515	0.509	0.492	0.496	0.5	0.504	0.506	0.499	0.507	0.506	0.496	0.499	0.499
0.538	0.549	0.521	0.518	0.513	0.6	0.586	0.526	0.545	0.501	0.524	0.538	0.582	0.612	0.548	0.571	0.558	0.563	0.547	0.552	0.565	0.567	0.571	0.554	0.568	0.572	0.557	0.552
0.568	0.535	0.517	0.563	0.577	0.577	0.603	0.556	0.518	0.545	0.545	0.607	0.632	0.65	0.547	0.554	0.552	0.541	0.532	0.535	0.549	0.537	0.549	0.54	0.551	0.533	0.538	0.554
0.463	0.536	0.503	0.474	0.499	0.523	0.512	0.524	0.505	0.497	0.49	0.527	0.613	0.582	0.529	0.533	0.519	0.517	0.528	0.536	0.536	0.514	0.537	0.519	0.538	0.519	0.538	0.522
0.525	0.484	0.514	0.489	0.542	0.529	0.527	0.484	0.479	0.474	0.513	0.548	0.575	0.596	0.515	0.498	0.498	0.493	0.517	0.517	0.501	0.498	0.503	0.517	0.512	0.502	0.492	0.5
0.601	0.589	0.565	0.611	0.647	0.639	0.657	0.627	0.598	0.59	0.588	0.675	0.696	0.702	0.581	0.586	0.564	0.577	0.579	0.585	0.566	0.568	0.578	0.57	0.564	0.584	0.586	0.563
0.475	0.486	0.483	0.477	0.492	0.537	0.506	0.444	0.473	0.467	0.454	0.5	0.527	0.546	0.494	0.499	0.501	0.5	0.507	0.496	0.488	0.493	0.496	0.503	0.496	0.491	0.506	0.495
0.575	0.635	0.623	0.58	0.647	0.633	0.649	0.61	0.576	0.573	0.586	0.685	0.708	0.708	0.645	0.642	0.647	0.645	0.648	0.641	0.645	0.651	0.655	0.629	0.629	0.629	0.64	0.644
0.653	0.641	0.621	0.626	0.658	0.685	0.686	0.64	0.606	0.636	0.638	0.685	0.758	0.723	0.656	0.674	0.648	0.666	0.657	0.663	0.659	0.654	0.659	0.658	0.642	0.671	0.647	0.652
0.473	0.495	0.444	0.436	0.454	0.482	0.493	0.425	0.43	0.45	0.44	0.483	0.542	0.514	0.441	0.452	0.46	0.444	0.459	0.45	0.457	0.453	0.449	0.442	0.444	0.451	0.444	0.441
0.65	0.632	0.615	0.613	0.663	0.679	0.703	0.588	0.653	0.581	0.644	0.698	0.726	0.712	0.633	0.617	0.628	0.63	0.633	0.63	0.633	0.608	0.614	0.632	0.617	0.618	0.63	0.61
0.603	0.621	0.606	0.658	0.682	0.742	0.703	0.63	0.687	0.625	0.657	0.717	0.761	0.767	0.595	0.611	0.591	0.61	0.595	0.615	0.591	0.601	0.614	0.605	0.609	0.617	0.6	0.599
0.619	0.529	0.59	0.561	0.61	0.66	0.671	0.615	0.622	0.596	0.578	0.646	0.659	0.698	0.65	0.644	0.652	0.637	0.644	0.648	0.636	0.663	0.637	0.665	0.643	0.639	0.654	0.645
0.377	0.382	0.377	0.399	0.424	0.416	0.441	0.388	0.417	0.394	0.406	0.438	0.46	0.505	0.409	0.414	0.421	0.418	0.421	0.423	0.409	0.418	0.414	0.426	0.418	0.412	0.406	0.409
0.504	0.51	0.504	0.502	0.541	0.536	0.538	0.504	0.493	0.503	0.512	0.553	0.595	0.591	0.509	0.517	0.503	0.498	0.503	0.509	0.498	0.507	0.504	0.51	0.502	0.512	0.495	0.507
0.58	0.558	0.575	0.562	0.619	0.615	0.623	0.562	0.598	0.556	0.574	0.61	0.63	0.66	0.634	0.634	0.626	0.621	0.622	0.619	0.612	0.613	0.623	0.635	0.636	0.636	0.639	0.624
0.54	0.53	0.572	0.522	0.534	0.6	0.59	0.519	0.519	0.565	0.566	0.6	0.64	0.656	0.583	0.594	0.588	0.605	0.587	0.597	0.598	0.6	0.587	0.608	0.595	0.594	0.585	0.589
0.561	0.526	0.569	0.547	0.541	0.611	0.591	0.558	0.558	0.517	0.539	0.6	0.624	0.614	0.538	0.522	0.524	0.526	0.521	0.532	0.533	0.528	0.532	0.529	0.541	0.532	0.537	0.53
0.558	0.567	0.522	0.55	0.547	0.604	0.582	0.519	0.583	0.565	0.554	0.576	0.61	0.619	0.591	0.587	0.608	0.599	0.596	0.595	0.613	0.595	0.59	0.589	0.608	0.606	0.609	0.587
0.604	0.594	0.559	0.61	0.643	0.669	0.629	0.574	0.601	0.589	0.577	0.658	0.682	0.67	0.642	0.646	0.639	0.651	0.627	0.636	0.634	0.625	0.629	0.628	0.624	0.643	0.624	0.643
0.5	0.515	0.493	0.518	0.548	0.556	0.575	0.524	0.52	0.52	0.534	0.595	0.588	0.628	0.538	0.543	0.558	0.559	0.544	0.545	0.56	0.55	0.538	0.561	0.547	0.542	0.556	0.563
0.652	0.635	0.615	0.653	0.668	0.711	0.726	0.684	0.728	0.68	0.717	0.766	0.811	0.807	0.672	0.676	0.672	0.676	0.679	0.692	0.672	0.677	0.677	0.693	0.668	0.677	0.68	0.682
0.605	0.58	0.59	0.565	0.624	0.65	0.662	0.531	0.557	0.559	0.589	0.621	0.663	0.678	0.549	0.536	0.54	0.531	0.552	0.539	0.549	0.536	0.543	0.555	0.53	0.554	0.539	0.531
0.554	0.584	0.56	0.544	0.586	0.616	0.627	0.562	0.581	0.534	0.553	0.601	0.676	0.661	0.543	0.543	0.528	0.526	0.536	0.547	0.546	0.54	0.549	0.528	0.532	0.546	0.525	0.547
0.638	0.662	0.64	0.665	0.697	0.71	0.693	0.703	0.643	0.641	0.684	0.725	0.717	0.711	0.658	0.636	0.65	0.637	0.63	0.63	0.65	0.644	0.638	0.635	0.654	0.642	0.659	0.643
0.572	0.534	0.538	0.528	0.575	0.615	0.583	0.529	0.525	0.559	0.531	0.592	0.598	0.656	0.588	0.577	0.579	0.584	0.602	0.601	0.587	0.578	0.605	0.604	0.588	0.583	0.597	0.592
0.587	0.612	0.538	0.574	0.577	0.602	0.638	0.587	0.564	0.577	0.551	0.651	0.671	0.683	0.552	0.553	0.561	0.54	0.548	0.552	0.565	0.551	0.55	0.542	0.556	0.565	0.556	0.54
0.566	0.58	0.617	0.615	0.619	0.633	0.63	0.597	0.618	0.602	0.622	0.65	0.66	0.679	0.616	0.598	0.599	0.613	0.61	0.616	0.623	0.613	0.622	0.614	0.597	0.619	0.61	0.608
0.541	0.534	0.498	0.515	0.545	0.527	0.582	0.549	0.51	0.489	0.506	0.561	0.571	0.621	0.506	0.501	0.512	0.505	0.497	0.493	0.497	0.496	0.496	0.494	0.494	0.507	0.511	0.507
0.762	0.713	0.706	0.73	0.717	0.756	0.83	0.718	0.697	0.689	0.726	0.805	0.806	0.835	0.787	0.762	0.767	0.794	0.772	0.77	0.794	0.764	0.792	0.782	0.772	0.77	0.766	0.779
0.571	0.553	0.55	0.561	0.563	0.568	0.628	0.532	0.524	0.516	0.55	0.599	0.606	0.631	0.535	0.55	0.552	0.535	0.547	0.531	0.542	0.546	0.552	0.538	0.547	0.54	0.529	0.535
0.592	0.59	0.582	0.546	0.576	0.589	0.623	0.549	0.608	0.575	0.581	0.66	0.628	0.684	0.596	0.595	0.6	0.601	0.606	0.599	0.619	0.6	0.601	0.594	0.62	0.611	0.611	0.61
0.72	0.731	0.72	0.66	0.722	0.767	0.767	0.667	0.67	0.724	0.666	0.785	0.82	0.822	0.761	0.73	0.732	0.75	0.733	0.754	0.725	0.735	0.728	0.732	0.75	0.747	0.746	0.758
0.579	0.604	0.587	0.57	0.585	0.615	0.618	0.587	0.574	0.552	0.588	0.61	0.641	0.646	0.543	0.525	0.536	0.528	0.539	0.53	0.526	0.54	0.537	0.54	0.536	0.524	0.533	0.542
0.555	0.557	0.555	0.544	0.551	0.617	0.583	0.507	0.551	0.514	0.536	0.562	0.635	0.647	0.557	0.555	0.571	0.573	0.566	0.557	0.579	0.582	0.571	0.556	0.582	0.555	0.58	0.557
0.752	0.775	0.704	0.691	0.763	0.767	0.785	0.735	0.705	0.685	0.686	0.72	0.756	0.788	0.71	0.727	0.705	0.714	0.723	0.738	0.722	0.721	0.707	0.722	0.716	0.732	0.725	0.724
0.594	0.645	0.607	0.551	0.595	0.629	0.672	0.591	0.578	0.58	0.571	0.638	0.683	0.739	0.597	0.604	0.579	0.583	0.602	0.589	0.602	0.587	0.589	0.605	0.581	0.577	0.597	0.606
0.61	0.608	0.649	0.625	0.667	0.691	0.684	0.648	0.659	0.621	0.634	0.696	0.684	0.746	0.658	0.665	0.685	0.683	0.661	0.657	0.671	0.677	0.657	0.672	0.672	0.667	0.671	0.672
0.581	0.59	0.578	0.602	0.589	0.604	0.667	0.578	0.59	0.604	0.618	0.676	0.658	0.732	0.588	0.581	0.583	0.584	0.583	0.579	0.602	0.589	0.605	0.603	0.581	0.591	0.604	0.599