SFMDuration																												
SFMPre1	SFMPre3	SFMPre5	SFMPre7	SFMPre9	SFMPre11	SFMPre13	SFMPre13-initial	SFMPost1	SFMPost3	SFMPost5	SFMPost7	SFMPost9	SFMPost11	SFMPost13	SFMShamPre1	SFMShamPre3	SFMShamPre5	SFMShamPre7	SFMShamPre9	SFMShamPre11	SFMShamPre13	SFMShamPost1	SFMShamPost3	SFMShamPost5	SFMShamPost7	SFMShamPost9	SFMShamPost11	SFMShamPost13
4.503	4.428	4.264	5.207	4.912	4.314	4.144	-0.359	4.75	4.458	5.155	5.099	4.378	3.854	4.099	5.127	5.289	5.088	5.23	5.092	5.185	5.085	5.292	5.15	5.113	5.134	5.205	5.205	5.222
4.884	5.132	5.075	4.932	4.55	4.446	4.45	-0.434	5.136	4.77	4.91	4.755	4.804	3.992	4.307	5.713	5.597	5.522	5.617	5.559	5.623	5.654	5.706	5.512	5.532	5.558	5.732	5.517	5.621
4.71	4.784	4.426	4.398	4.241	4.096	4.273	-0.437	4.903	4.312	4.744	4.486	4.493	3.913	4.189	4.441	4.416	4.491	4.421	4.477	4.366	4.432	4.546	4.435	4.382	4.362	4.55	4.502	4.465
5.37	5.216	5.001	5.331	5.005	4.506	4.884	-0.485	5.703	4.846	4.673	4.986	3.915	3.617	4.912	5.912	5.77	5.679	5.759	5.953	5.876	5.802	5.762	5.743	5.717	5.921	5.731	5.878	5.799
5.664	5.752	6.034	5.137	5.563	4.821	5.374	-0.29	5.845	5.307	4.997	5.284	5.359	4.409	4.749	6.295	6.324	6.078	6.112	6.293	6.285	6.092	6.106	6.133	6.195	6.316	6.124	6.085	6.086
4.368	4.163	4.131	4.316	4.034	3.74	3.821	-0.547	4.468	4.024	4.009	3.964	4.044	3.508	3.516	4.136	4.17	4.191	4.186	4.014	4.126	4.014	4.024	4.06	4.071	4.176	4.039	4.17	4.123
5.641	5.479	5.988	5.701	5.507	5.53	5.159	-0.482	5.689	5.276	5.58	5.461	5.396	4.976	4.88	6.33	6.345	6.149	6.122	6.214	6.293	6.271	6.119	6.2	6.219	6.226	6.401	6.159	6.134
4.976	4.709	5.155	4.791	4.434	4.307	4.317	-0.659	5.195	4.566	4.758	4.734	3.831	3.57	4.458	4.697	4.692	4.557	4.706	4.755	4.636	4.758	4.675	4.562	4.67	4.64	4.762	4.547	4.594
4.018	4.343	3.965	3.824	4.016	3.647	3.533	-0.485	4.14	3.98	3.762	3.445	3.204	3.582	3.526	4.05	4.061	3.993	3.922	4.018	3.971	4.057	3.913	4.08	3.913	3.926	4.045	3.961	3.996
4.168	4.376	3.736	4.225	4.373	3.648	3.689	-0.479	3.779	3.674	3.637	3.63	3.617	3.389	3.177	4.391	4.243	4.22	4.205	4.222	4.204	4.384	4.225	4.228	4.203	4.235	4.33	4.392	4.309
4.327	4.306	3.731	3.827	4.204	3.927	3.521	-0.806	4.12	4.301	3.526	4.085	3.977	3.259	3.515	4.252	4.209	4.171	4.351	4.35	4.326	4.326	4.211	4.234	4.287	4.191	4.244	4.266	4.171
4.935	4.706	4.518	4.6	4.321	4.239	4.147	-0.788	4.877	4.886	4.621	4.271	4.23	4.038	3.616	5.302	5.155	5.121	5.175	5.143	5.327	5.221	5.272	5.296	5.171	5.333	5.102	5.248	5.095
4.215	3.858	4.221	3.525	3.687	3.42	3.562	-0.653	4.072	4.177	4.19	3.028	2.979	2.987	2.998	3.896	3.892	3.782	3.893	3.849	3.91	3.787	3.957	3.959	3.79	3.86	3.804	3.789	3.898
4.124	4.408	4.406	4.349	3.707	3.66	3.494	-0.63	3.967	4.156	4.286	3.922	3.839	3.249	2.849	4.583	4.728	4.768	4.611	4.769	4.646	4.592	4.782	4.611	4.608	4.789	4.801	4.604	4.788
4.558	4.082	4.317	4.172	4.122	4.029	3.693	-0.865	4.074	4.231	4.609	4.102	3.495	3.498	3.615	4.563	4.58	4.512	4.558	4.642	4.626	4.54	4.641	4.66	4.646	4.622	4.474	4.539	4.639
4.069	3.729	4.193	3.744	3.849	3.311	3.404	-0.665	3.81	4.096	3.797	4.139	3.218	3.524	3.188	3.774	3.808	3.953	3.896	3.784	3.868	3.795	3.834	3.934	3.865	3.782	3.818	3.906	3.942
4.112	4.139	3.746	3.665	4.244	3.169	3.474	-0.638	3.977	3.946	3.585	3.633	3.502	3.198	2.74	4.316	4.204	4.193	4.275	4.218	4.251	4.257	4.283	4.217	4.236	4.211	4.307	4.178	4.225
3.805	3.903	4.008	4.163	3.771	3.422	3.327	-0.477	3.53	4.014	3.613	3.541	3.34	3.364	2.97	3.804	3.934	3.901	3.81	3.917	3.822	3.903	3.977	3.968	3.92	3.94	3.967	3.896	3.889
4.356	4.344	4.087	4.454	4.053	4.239	3.786	-0.57	4.29	4.449	3.992	4.057	3.936	3.41	3.572	4.608	4.57	4.437	4.518	4.454	4.64	4.599	4.584	4.573	4.631	4.515	4.541	4.603	4.66
4.671	4.225	4.826	4.787	4.148	3.73	4.192	-0.479	4.769	4.66	4.386	4.214	4.173	3.485	3.497	4.76	4.879	4.7	4.762	4.921	4.728	4.923	4.828	4.849	4.767	4.739	4.883	4.929	4.697
3.248	3.203	2.929	3.379	3.426	2.839	2.567	-0.681	3.134	3.128	3.02	3.324	2.576	2.341	2.269	3.027	3.061	2.986	3.048	3.086	3.116	3.081	3.086	3.098	3.011	3.028	3.117	3.091	2.999
4.615	4.233	4.978	4.676	3.968	4.256	3.665	-0.95	4.368	4.263	4.034	4.415	4.251	3.998	3.721	4.693	4.743	4.871	4.776	4.699	4.846	4.841	4.918	4.718	4.822	4.685	4.788	4.721	4.846
5.178	5.238	5.356	5.227	5.15	4.799	4.511	-0.667	4.753	5.34	4.468	4.225	4.298	3.956	4.141	5.166	5.152	5.128	5.21	5.152	5.151	5.207	5.087	5.271	5.085	5.03	5.252	5.032	5.064
3.93	3.721	4.056	4.08	3.521	3.052	3.228	-0.702	3.723	3.861	3.47	3.398	3.395	2.957	2.848	3.536	3.546	3.558	3.462	3.455	3.445	3.441	3.447	3.542	3.463	3.584	3.51	3.458	3.512
4.041	4.165	4.004	4.194	4.306	3.718	3.317	-0.724	4.271	4.045	3.899	4.109	3.668	2.95	3.271	4.087	3.962	4.085	4.015	4.033	4.112	4.041	3.926	4.012	4.028	3.993	3.956	4.093	3.916
4.327	4.177	4.202	3.928	3.932	3.706	3.793	-0.535	4.119	4.181	3.616	4.073	3.274	3.262	3.41	4.032	3.964	4.002	3.978	3.966	4.055	3.966	4.127	4.146	4.112	3.993	3.976	4.076	4.027
4.096	4.125	4.22	4.285	3.742	3.285	3.539	-0.557	4.113	3.926	3.971	3.985	3.701	3.076	3.444	4.064	3.993	3.979	4.148	4.076	4.038	4.023	3.956	4.105	4.091	4.094	4.098	4.063	4.103
3.501	3.303	3.389	3.06	3.041	3.493	3.01	-0.492	3.63	3.513	3.605	2.832	2.881	2.651	2.438	3.305	3.282	3.281	3.401	3.3	3.313	3.31	3.363	3.387	3.333	3.308	3.242	3.252	3.264
3.629	3.567	3.585	4.087	3.282	3.058	2.866	-0.763	3.575	3.575	3.593	3.552	3.518	2.823	2.86	3.899	3.859	4.013	3.984	3.86	3.922	3.868	3.888	3.852	3.871	3.945	3.953	3.84	3.912
4.296	4.294	4.304	3.853	3.831	3.563	3.239	-1.056	4.139	4.323	3.681	3.801	4.126	2.965	3.065	4.198	4.278	4.163	4.255	4.306	4.327	4.268	4.184	4.293	4.328	4.185	4.133	4.308	4.162
3.568	3.696	3.918	3.685	3.199	2.96	2.966	-0.603	3.58	3.56	3.626	3.13	3.564	2.882	2.773	3.867	3.748	3.844	3.918	3.762	3.78	3.894	3.798	3.851	3.917	3.75	3.925	3.902	3.916
4.198	4.021	3.802	4.195	3.885	3.516	3.666	-0.532	4.177	3.863	4.227	3.134	3.138	3.372	3.541	4.1	4.099	4.126	4.021	4.069	4.064	3.987	4.179	4.121	4.112	4.023	4.002	4.085	4.105
4.125	3.763	3.848	3.632	3.846	3.341	3.665	-0.46	4.206	3.79	3.701	3.351	3.113	2.981	2.68	3.865	3.938	3.812	3.897	3.836	3.85	3.832	3.786	3.878	3.906	3.939	3.874	3.963	3.799
3.584	3.455	3.652	3.64	3.388	2.758	3.098	-0.486	3.416	3.372	3.467	3.054	3.02	2.969	2.306	3.181	3.172	3.184	3.147	3.212	3.281	3.223	3.232	3.241	3.165	3.155	3.231	3.229	3.14
4.326	4.504	4.478	4.032	4.691	3.98	3.961	-0.365	4.242	4.197	4.061	3.802	3.799	3.759	3.858	4.744	4.608	4.682	4.781	4.816	4.805	4.764	4.694	4.76	4.698	4.631	4.806	4.74	4.814
4.291	4.383	3.808	4.559	3.621	3.938	3.85	-0.441	4.311	4.047	4.518	4.334	3.225	3.697	3.106	4.211	4.187	4.24	4.122	4.106	4.286	4.285	4.207	4.248	4.108	4.233	4.248	4.225	4.107
4.183	4.228	4.249	4.011	3.872	3.348	3.715	-0.468	4.06	4.216	3.928	3.949	4.088	3.62	2.531	4.341	4.309	4.38	4.224	4.291	4.232	4.201	4.271	4.361	4.241	4.193	4.199	4.172	4.245
3.757	3.967	3.664	3.581	3.815	3.644	3.172	-0.585	3.678	3.737	3.392	3.258	2.987	2.881	2.748	3.531	3.639	3.52	3.498	3.624	3.581	3.571	3.612	3.55	3.535	3.545	3.633	3.521	3.593
3.745	3.534	3.891	3.161	3.463	3.29	2.923	-0.822	3.601	3.414	3.137	2.741	2.773	2.759	2.393	3.153	3.258	3.205	3.172	3.265	3.255	3.303	3.161	3.209	3.161	3.244	3.183	3.202	3.176
3.659	3.617	3.272	3.601	3.192	2.919	3.04	-0.619	3.49	3.657	3.746	3.172	2.868	2.775	2.502	3.633	3.626	3.596	3.538	3.605	3.663	3.504	3.673	3.644	3.55	3.634	3.58	3.643	3.53